0 0.42465 0.912975 1.0878 0 0 0.1332 0.0597473 0.277941 0.207095 62
1 0.5512 1.43487 1.09 0 0 -0.555025 0.051 0.216132 0.1746 62
2 0.72 0.927 0.8585 0 0 0 0.12 0.25 0.039 66
3 -0.374707 1.00395 0.9 0 0 0.46041 0.14659 0.183598 0.11424 63
4 -1.0527 2.2644 1.04 0 0 1.58 0.06 0.278 0.207 62
5 0.07 0.93 1.0246 0 0 0 0.06 0.278 0.207 62
6 -0.04725 0.824 0.8829 0 0 0.288 0.1044 0.265 0.03198 66
7 -0.6768 0.6264 0.5 0 0 0 0.242 0.2 0.42 56
8 0.552 1.2 0.87 0 0 0.465 0.05246 0.032725 0.02 64
9 0.86 0.136 0.8058 0 0 0.744 0.06667 0.046965 0.045 65
